# Samsung TV Remote codes
key_power="4529,4482,575,1665,567,1666,569,1670,575,569,545,546,567,546,567,575,545,575,545,1692,546,1666,567,1696,545,569,546,545,567,567,545,567,545,575,545,542,577,1692,545,567,545,546,567,575,542,575,545,567,545,545,573,1692,542,545,567,1696,545,1689,545,1666,569,1670,575,1665,573,1665,569"
key_1="4525,4500,579,1693,547,1664,575,1664,575,547,575,547,575,579,550,569,550,542,579,1693,547,1664,575,1694,546,575,542,579,550,542,579,569,547,569,547,569,546,569,546,1694,544,547,566,547,579,566,547,542,575,569,547,1693,546,1693,542,575,542,1667,579,1687,547,1664,575,1664,569,1667,569"
key_2="4520,4492,566,1698,547,1661,576,1661,576,550,566,550,566,576,541,547,576,566,547,1695,550,1695,545,1694,541,571,541,547,576,540,576,566,547,566,547,1695,541,571,541,1695,541,547,576,566,547,569,547,569,547,569,547,571,541,1695,541,572,541,1698,550,1661,572,1669,571,1669,571,1669,576"
key_3="4525,4487,574,1687,545,1663,567,1667,567,545,567,545,574,567,545,567,545,567,545,1693,545,1693,545,1695,545,545,574,568,545,567,545,574,545,574,545,574,545,1671,574,1687,548,545,574,567,545,545,567,574,545,574,545,1671,574,567,548,545,574,1693,545,1693,542,1695,551,1661,574,1663,574"
key_4="4523,4491,577,1695,547,1669,577,1688,552,547,577,577,547,547,567,577,543,577,552,1666,577,1692,547,1695,543,577,552,567,552,543,573,543,573,547,571,547,571,577,543,577,552,1688,547,571,547,573,547,548,573,576,543,1695,552,1688,548,1692,547,547,573,1695,552,1666,576,1666,573,1666,571"
key_5="4528,4486,573,1687,544,1691,544,1669,568,573,549,568,549,544,570,544,570,544,568,1697,542,1669,573,1687,544,543,568,568,543,573,543,573,542,551,579,1663,573,542,573,573,544,1665,568,549,568,579,549,568,549,544,573,573,544,1691,544,1697,542,549,579,1687,549,1663,573,1665,570,1669,568"
key_6="4526,4487,573,1690,549,1664,570,1668,569,573,543,573,550,569,549,543,573,543,573,1694,543,1694,550,1686,549,569,547,543,573,570,545,573,543,573,543,549,578,1661,573,543,573,1690,547,570,543,573,543,549,569,577,550,1661,577,543,573,1664,570,573,543,1668,569,1697,549,1661,573,1664,573"
key_7="4527,4484,570,1690,552,1667,575,1667,575,574,543,570,552,543,570,569,552,543,570,1667,570,1667,570,1671,578,565,552,543,574,570,548,543,575,575,543,543,570,575,539,1671,575,1690,552,539,574,570,543,543,570,570,543,1667,569,1697,552,539,575,569,548,1690,546,1667,570,1667,569,1697,552"
key_8="4525,4487,572,1692,542,1668,572,1694,549,540,572,574,542,574,542,572,542,572,549,1688,551,1689,548,1692,542,548,572,572,549,567,549,540,572,572,549,1692,542,542,572,1694,551,1661,574,572,542,572,542,572,542,549,578,542,572,1688,549,572,543,572,543,1694,542,1697,549,1661,572,1664,572"
key_9="4521,4492,576,1695,551,1661,578,1666,576,578,541,578,541,578,551,570,551,570,547,1666,576,1695,541,1669,578,541,578,541,572,547,576,576,541,547,570,578,551,1688,550,1692,541,1695,544,547,567,578,547,570,547,544,576,1692,541,576,541,576,541,576,551,1688,547,1666,572,1666,570,1669,578"
key_0="4523,4489,573,1693,544,1669,571,1695,550,544,575,573,546,546,573,573,546,573,544,1669,573,1659,573,1691,546,571,546,571,544,546,571,573,544,573,544,1693,550,568,550,544,573,571,546,1691,546,573,544,573,544,573,550,540,573,1691,548,1691,546,1693,544,548,568,1695,550,1659,573,1663,573"

source="4519,4491,577,1666,577,1667,573,1667,573,577,539,577,539,577,539,577,539,577,549,1688,549,1688,549,1688,550,571,550,571,550,571,550,571,550,573,543,1692,543,573,543,573,543,573,543,577,543,577,543,577,543,577,549,567,550,1686,549,1661,577,1688,549,1666,573,1666,573,1666,573,1666,573"
ttxmix="4522,4487,577,1665,577,1665,577,1689,542,542,577,577,542,577,542,577,546,566,546,1687,542,1689,542,1665,574,574,542,574,542,574,542,577,542,577,542,577,546,566,546,1662,574,1665,572,569,546,1689,546,572,546,572,546,1695,542,1695,542,574,549,566,549,1687,549,569,546,1689,546,1665,572"
prech="4522,4487,572,1687,546,1669,572,1669,572,545,575,575,545,572,545,572,545,546,575,1697,539,1697,550,1687,550,539,575,539,575,575,546,545,572,575,546,1694,545,1694,545,572,545,546,568,1694,552,539,579,568,546,543,575,572,546,543,575,1669,572,1669,572,546,572,1694,543,1694,543,1669,579"

key_volumeup="4523,4484,566,1695,546,1669,566,1669,568,574,549,541,574,541,574,568,549,568,549,1687,549,1687,546,1663,575,546,575,566,546,546,574,546,574,571,546,1695,546,1695,546,1695,541,575,541,549,566,575,541,575,541,549,566,549,566,575,549,566,549,1660,574,1687,549,1687,549,1663,574,1663,574"
key_volumedown="4521,4486,573,1685,552,1662,573,1662,573,541,573,569,552,541,573,569,552,569,547,1692,547,1668,573,1662,573,569,547,543,573,543,573,573,543,573,543,1692,543,1692,543,543,573,1668,569,573,543,543,573,543,573,547,569,573,544,573,544,1668,569,573,543,1669,568,1668,569,1697,541,1697,552"
key_channelup="4520,4486,579,1661,579,1661,579,1661,579,542,579,569,543,542,575,569,543,542,575,1691,543,1691,543,1691,543,569,543,542,569,542,569,572,543,572,543,569,543,1666,569,575,543,575,542,1695,543,552,569,575,542,575,542,1695,552,565,552,1686,552,1661,579,565,552,1661,575,1661,575,1661,575"
key_channeldown="4526,4481,576,1695,546,1663,576,1663,574,546,574,546,574,549,574,549,574,576,541,1695,541,1695,541,1695,541,576,551,541,576,574,549,574,549,574,549,541,576,574,549,574,549,574,549,1663,575,572,546,574,546,546,575,1692,546,1663,572,1667,574,1667,574,574,546,1692,546,1667,572,1667,572"
key_mute="4518,4487,567,1663,567,1663,567,1663,576,568,545,545,567,545,567,567,545,567,545,1669,568,1693,545,1669,568,551,568,578,551,540,578,568,551,568,551,1663,576,1689,551,1689,551,1663,567,569,545,569,545,545,567,567,545,545,567,545,567,574,545,574,545,1669,567,1693,543,1669,567,1696,551"
chlist="4522,4489,574,1692,550,1661,574,1666,566,548,566,576,538,548,580,565,548,566,548,1660,574,1692,548,1661,574,574,550,546,574,574,546,550,569,550,569,1698,538,1698,551,538,576,1660,576,541,574,1661,574,1692,550,546,574,574,546,546,574,1692,546,574,543,1666,569,550,569,550,580,1686,550"

key_menu="4521,4484,576,1691,551,1661,576,1661,576,542,576,572,547,544,576,542,576,544,576,1661,576,1690,547,1690,545,572,545,545,572,572,545,572,545,545,572,545,572,1693,544,576,542,1693,542,1693,542,547,568,576,542,576,551,1691,551,568,551,1661,576,542,576,568,551,1691,547,1691,547,1691,547"
key_guide="4522,4482,574,1668,574,1668,574,1668,574,543,574,570,545,543,574,543,570,566,543,1693,543,1693,543,1666,570,545,570,545,570,545,570,545,570,574,543,1666,570,1666,570,1693,543,1666,570,545,570,543,570,1693,543,574,543,574,543,543,574,574,543,574,543,1666,570,1693,543,549,570,1668,570"
key_smarthub="4522,4486,572,1685,541,1662,572,1662,574,543,574,543,574,543,574,572,547,572,547,1665,572,1696,543,1667,572,547,572,572,541,540,572,572,541,543,572,1691,541,572,541,541,572,1696,541,1696,541,1696,541,1696,547,566,547,541,572,1662,572,1691,545,572,545,545,572,572,543,547,569,1670,577"
key_tools="4521,4487,576,1663,576,1689,551,1669,570,551,570,576,541,551,570,576,551,541,576,1689,551,1663,575,1663,575,541,570,570,548,570,548,548,570,570,541,1697,541,1697,541,551,576,1689,551,541,577,545,575,1689,548,545,570,570,548,548,570,1692,545,548,570,1669,570,1669,576,541,576,1686,551"
key_info="4519,4487,574,1665,574,1665,574,1665,574,541,574,541,574,572,541,572,541,572,541,1696,541,1696,541,1696,541,541,572,574,541,541,568,574,551,539,574,1688,541,1688,541,1688,541,1690,541,1665,573,572,541,541,572,541,572,541,570,572,541,574,541,574,541,574,541,1696,541,1670,568,1670,577"
key_up="4523,4482,569,1665,569,1665,569,1665,569,571,544,550,569,550,569,550,568,550,568,1670,576,1686,553,1686,553,539,576,539,576,539,576,539,576,539,576,568,550,544,571,568,550,544,571,569,550,1690,549,1662,571,544,571,1690,549,1690,549,1662,571,1662,571,1690,549,544,571,544,571,1665,571"
key_down="4520,4482,573,1670,573,1670,573,1664,573,549,573,573,549,542,573,542,573,549,573,1695,549,1695,549,1664,573,573,549,573,549,549,573,573,549,542,568,1670,568,542,573,573,549,549,568,549,568,1670,568,1670,573,573,542,549,568,1670,568,1670,568,1695,542,1670,568,549,568,549,568,1670,568"
key_left="4517,4486,569,1660,569,1660,569,1660,576,569,543,548,569,548,569,569,543,548,569,1692,543,1692,543,1667,569,548,569,548,569,569,543,569,543,569,543,1692,543,543,569,1667,569,543,569,543,569,1667,569,1692,543,569,543,548,569,1667,569,574,543,1667,569,1667,569,574,543,548,569,1667,569"
key_right="4520,4487,579,1663,579,1688,548,1666,572,548,572,548,568,548,568,575,550,543,579,1688,548,1663,579,1663,572,544,571,548,568,548,568,548,568,579,543,548,579,1688,548,568,548,568,548,568,544,1693,544,1693,544,572,543,1693,543,548,568,1669,579,1662,575,1662,575,541,575,543,572,1663,572"
key_enter="4520,4487,570,1666,570,1666,570,1666,570,570,550,570,550,550,568,550,568,550,568,1697,550,1689,550,1659,577,568,550,550,570,550,570,550,570,570,542,570,550,570,550,570,542,1666,568,550,568,1666,568,1666,577,539,577,1659,577,1689,550,1663,570,570,542,1666,570,570,542,573,542,1694,542"
key_return="4525,4484,567,1668,567,1668,572,1662,572,567,550,546,577,567,550,546,577,546,577,1693,550,1666,577,1666,577,546,577,577,550,550,572,550,572,550,567,577,539,577,539,577,539,1668,572,1687,551,567,550,1662,572,543,572,1693,550,1662,572,1693,546,543,572,546,572,1693,546,572,543,1693,543"
key_exit="4520,4487,569,1666,569,1666,569,1666,569,573,550,550,569,573,550,550,569,573,551,1688,550,1661,573,1661,573,550,571,571,550,571,550,571,550,550,569,1695,546,550,569,1695,550,1688,550,546,573,1688,546,543,573,546,573,571,546,1692,546,546,571,573,543,1669,569,550,578,1685,550,1688,550"

key_a="4520,4484,565,1670,572,1662,572,1662,572,565,551,539,572,539,572,549,572,549,572,1662,572,1662,572,1662,572,549,572,570,547,549,572,549,572,549,572,549,572,572,549,1692,549,1667,572,549,572,1667,570,1667,570,549,570,1667,570,1670,565,549,565,551,565,1670,565,551,576,565,551,1659,576"
key_b="4520,4487,578,1688,551,1664,578,1664,578,541,578,567,549,567,549,548,570,567,548,1693,548,1693,548,1693,548,548,567,549,567,570,543,551,567,551,567,551,578,566,551,1688,551,541,570,1664,570,567,549,541,570,571,548,1664,570,1664,570,571,548,1693,543,543,570,1693,543,1693,543,1667,570"
key_c="4520,4489,568,1668,568,1668,568,1668,568,545,568,573,543,545,568,545,577,565,545,1688,545,1662,573,1662,573,543,573,568,543,543,568,545,568,545,568,1668,568,573,543,1668,577,568,551,1662,573,543,573,543,573,545,573,545,573,1666,573,545,570,1666,570,573,545,1696,543,1668,568,1696,551"
key_d="4517,4489,577,1665,577,1665,575,1665,575,548,575,548,575,575,547,577,547,548,568,1694,547,1669,568,1669,576,547,576,568,548,547,577,547,577,568,548,568,548,1690,542,1665,575,542,575,1665,575,575,547,547,575,547,575,1694,542,575,542,575,542,1694,542,548,568,1669,568,1669,577,1659,577"

key_history="4522,4484,568,1668,570,1659,570,1665,570,568,550,540,570,540,572,540,572,568,540,1693,540,1666,568,1693,540,550,568,550,568,570,540,570,540,570,552,566,550,568,550,540,570,540,570,1665,570,546,570,1693,546,1665,570,1693,546,1668,570,1668,570,1668,568,550,568,1668,568,550,568,550,578"
key_familysotry="4526,4482,568,1670,567,1671,577,1663,577,547,577,568,547,547,574,574,547,574,547,1670,568,1670,568,1670,577,545,577,545,577,545,577,547,574,547,574,547,574,1666,571,1670,568,547,568,574,545,574,552,1663,577,1663,574,1663,574,545,574,545,574,1692,545,1666,568,1670,568,549,577,539,577"
key_camera="4528,4482,569,1668,569,1668,569,1664,569,551,569,551,569,551,569,573,551,569,551,1668,569,1671,575,1664,575,569,550,541,575,551,569,551,569,569,551,551,569,1668,569,1668,577,1664,575,1688,550,569,551,551,569,569,551,1693,541,573,541,551,569,573,541,573,551,1688,551,1664,573,1664,573"
key_support="4518,4491,577,1673,577,1673,577,1673,573,542,573,542,573,542,571,577,547,542,577,1666,577,1673,577,1692,545,547,577,545,573,569,547,545,573,569,542,1666,577,1666,577,1692,545,1673,567,1673,573,1660,573,545,573,545,577,545,577,571,542,577,542,577,542,547,569,547,569,1673,577,1660,577"
key_adsubt="4519,4489,577,1692,545,1666,568,1666,568,577,542,548,572,539,572,567,548,542,577,1664,568,1664,568,1664,568,545,568,545,568,548,568,548,568,577,548,1685,548,542,572,1664,572,568,548,545,572,1664,572,572,545,545,572,545,572,1666,568,548,568,1671,568,1671,568,548,577,1685,551,1659,577"
key_3d="4527,4483,567,1665,575,1686,547,1662,571,544,571,544,571,544,571,567,545,567,544,1693,544,1665,569,1665,575,569,547,544,575,544,575,569,547,567,547,1666,567,1666,567,1693,544,1665,567,1669,567,575,549,541,575,1686,549,541,575,544,575,544,575,569,547,547,571,1693,547,1665,571,547,571"

key_rewind="4526,4482,572,1670,572,1671,569,1661,569,572,548,543,569,543,569,548,572,572,543,1694,543,1670,578,1686,550,568,548,543,572,543,572,543,572,572,543,1667,572,548,572,1670,578,540,578,540,578,542,575,1689,548,543,569,543,569,1670,572,572,543,1670,569,1670,578,1660,578,540,578,1661,575"
key_pause="4523,4484,576,1662,576,1662,576,1692,550,548,576,548,576,548,571,548,571,548,571,1665,571,1693,548,1693,548,548,571,550,571,550,567,550,567,576,550,566,550,1662,576,544,576,1662,576,544,576,571,548,1692,548,571,548,1692,548,571,548,1665,572,571,548,1692,544,1665,571,548,571,1668,567"
key_forward="4521,4491,569,1670,569,1670,570,1669,575,568,547,541,575,570,547,545,569,570,547,1691,547,1670,569,1695,550,541,569,547,569,570,545,569,547,569,547,545,569,575,550,568,550,1667,575,569,545,547,569,1666,569,547,569,1695,541,1670,575,1667,575,569,547,1667,570,1691,547,547,570,1667,569"
key_record="4526,4479,567,1668,567,1668,567,1668,567,546,567,571,543,546,579,567,546,543,571,1686,546,1660,571,1660,571,546,571,546,572,546,572,572,546,571,546,1694,543,546,567,546,567,1694,543,549,579,539,575,1686,549,543,575,567,549,1660,571,1660,571,543,571,1691,546,1691,546,543,571,1666,571"
key_play="4524,4481,569,1670,569,1670,569,1695,544,552,569,552,569,552,569,579,552,567,552,1662,579,1662,579,1660,579,544,570,569,552,544,570,544,570,544,570,1691,545,1670,570,1670,570,545,570,546,570,545,570,1670,570,552,569,552,569,552,569,552,569,1695,544,1670,569,1670,579,567,552,1686,552"
key_stop="4526,4484,573,1672,574,1662,574,1669,574,548,574,574,548,577,548,551,573,551,573,1672,577,1662,577,1662,574,548,574,548,574,548,570,548,573,548,573,577,552,1661,577,1662,574,540,573,573,548,574,540,1694,540,577,551,1661,577,540,577,543,574,1669,573,1669,573,1669,570,548,570,1669,577"



# test key_vendor 0xE0E0DC23
key_vendor="4529,4482,575,1665,567,1666,569,1670,575,569,545,546,567,546,567,575,545,575,545,1692,546,1666,567,1696,545,569,546,545,567,567,545,567,545,575,573,1692,573,1692,542,575,573,1692,573,1692,573,1692,542,575,542,575,542,575,542,575,573,1692,542,575,542,575,542,575,573,1692,573,1692,569"
