key_power="4553,4500,548,1663,548,1663,548,1663,548,534,548,534,548,534,548,534,548,534,548,1663,548,1663,548,1663,548,534,548,534,548,534,548,534,548,534,548,534,548,1663,548,534,548,534,548,534,548,534,548,534,548,534,548,1663,548,534,548,1663,548,1663,548,1663,548,1663,548,1663,548,1663,550"
key_cyclewindows="4553,4500,548,1663,548,1663,548,1663,548,534,548,534,548,534,548,534,548,534,548,1663,548,1663,548,1663,548,534,548,534,548,534,548,534,548,534,548,1663,548,534,548,534,548,534,548,534,548,534,548,534,548,534,548,534,548,1663,548,1663,548,1663,548,1663,548,1663,548,1663,548,1663,550"
key_1="4553,4500,548,1663,548,1663,548,1663,548,534,548,534,548,534,548,534,548,534,548,1663,548,1663,548,1663,548,534,548,534,548,534,548,534,548,534,548,534,548,534,548,1663,548,534,548,534,548,534,548,534,548,534,548,1663,548,1663,548,534,548,1663,548,1663,548,1663,548,1663,548,1663,550"
key_2="4553,4500,548,1663,548,1663,548,1663,548,534,548,534,548,534,548,534,548,534,548,1663,548,1663,548,1663,548,534,548,534,548,534,548,534,548,534,548,1663,548,534,548,1663,548,534,548,534,548,534,548,534,548,534,548,534,548,1663,548,534,548,1663,548,1663,548,1663,548,1663,548,1663,550"
key_3="4553,4500,548,1663,548,1663,548,1663,548,534,548,534,548,534,548,534,548,534,548,1663,548,1663,548,1663,548,534,548,534,548,534,548,534,548,534,548,534,548,1663,548,1663,548,534,548,534,548,534,548,534,548,534,548,1663,548,534,548,534,548,1663,548,1663,548,1663,548,1663,548,1663,550"
key_4="4553,4500,548,1663,548,1663,548,1663,548,534,548,534,548,534,548,534,548,534,548,1663,548,1663,548,1663,548,534,548,534,548,534,548,534,548,534,548,534,548,534,548,534,548,1663,548,534,548,534,548,534,548,534,548,1663,548,1663,548,1663,548,534,548,1663,548,1663,548,1663,548,1663,550"
key_5="4553,4500,548,1663,548,1663,548,1663,548,534,548,534,548,534,548,534,548,534,548,1663,548,1663,548,1663,548,534,548,534,548,534,548,534,548,534,548,1663,548,534,548,534,548,1663,548,534,548,534,548,534,548,534,548,534,548,1663,548,1663,548,534,548,1663,548,1663,548,1663,548,1663,550"
key_6="4553,4500,548,1663,548,1663,548,1663,548,534,548,534,548,534,548,534,548,534,548,1663,548,1663,548,1663,548,534,548,534,548,534,548,534,548,534,548,534,548,1663,548,534,548,1663,548,534,548,534,548,534,548,534,548,1663,548,534,548,1663,548,534,548,1663,548,1663,548,1663,548,1663,550"
key_7="4553,4500,548,1663,548,1663,548,1663,548,534,548,534,548,534,548,534,548,534,548,1663,548,1663,548,1663,548,534,548,534,548,534,548,534,548,534,548,534,548,534,548,1663,548,1663,548,534,548,534,548,534,548,534,548,1663,548,1663,548,534,548,534,548,1663,548,1663,548,1663,548,1663,550"
key_8="4553,4500,548,1663,548,1663,548,1663,548,534,548,534,548,534,548,534,548,534,548,1663,548,1663,548,1663,548,534,548,534,548,534,548,534,548,534,548,1663,548,534,548,1663,548,1663,548,534,548,534,548,534,548,534,548,534,548,1663,548,534,548,534,548,1663,548,1663,548,1663,548,1663,550"
key_9="4553,4500,548,1663,548,1663,548,1663,548,534,548,534,548,534,548,534,548,534,548,1663,548,1663,548,1663,548,534,548,534,548,534,548,534,548,534,548,534,548,1663,548,1663,548,1663,548,534,548,534,548,534,548,534,548,1663,548,534,548,534,548,534,548,1663,548,1663,548,1663,548,1663,550"
key_0="4553,4500,548,1663,548,1663,548,1663,548,534,548,534,548,534,548,534,548,534,548,1663,548,1663,548,1663,548,534,548,534,548,534,548,534,548,534,548,1663,548,534,548,534,548,534,548,1663,548,534,548,534,548,534,548,534,548,1663,548,1663,548,1663,548,534,548,1663,548,1663,548,1663,550"
key_mute="4553,4500,548,1663,548,1663,548,1663,548,534,548,534,548,534,548,534,548,534,548,1663,548,1663,548,1663,548,534,548,534,548,534,548,534,548,534,548,1663,548,1663,548,1663,548,1663,548,534,548,534,548,534,548,534,548,534,548,534,548,534,548,534,548,1663,548,1663,548,1663,548,1663,550"
chlist="4553,4500,548,1663,548,1663,548,1663,548,534,548,534,548,534,548,534,548,534,548,1663,548,1663,548,1663,548,534,548,534,548,534,548,534,548,534,548,1663,548,1663,548,534,548,1663,548,534,548,1663,548,1663,548,534,548,534,548,534,548,1663,548,534,548,1663,548,534,548,534,548,1663,550"
prech="4553,4500,548,1663,548,1663,548,1663,548,534,548,534,548,534,548,534,548,534,548,1663,548,1663,548,1663,548,534,548,534,548,534,548,534,548,534,548,1663,548,1663,548,534,548,534,548,1663,548,534,548,534,548,534,548,534,548,534,548,1663,548,1663,548,534,548,1663,548,1663,548,1663,550"
key_volumeup="4553,4500,548,1663,548,1663,548,1663,548,534,548,534,548,534,548,534,548,534,548,1663,548,1663,548,1663,548,534,548,534,548,534,548,534,548,534,548,1663,548,1663,548,1663,548,534,548,534,548,534,548,534,548,534,548,534,548,534,548,534,548,1663,548,1663,548,1663,548,1663,548,1663,550"
key_volumedown="4553,4500,548,1663,548,1663,548,1663,548,534,548,534,548,534,548,534,548,534,548,1663,548,1663,548,1663,548,534,548,534,548,534,548,534,548,534,548,1663,548,1663,548,534,548,1663,548,534,548,534,548,534,548,534,548,534,548,534,548,1663,548,534,548,1663,548,1663,548,1663,548,1663,550"
key_channelup="4553,4500,548,1663,548,1663,548,1663,548,534,548,534,548,534,548,534,548,534,548,1663,548,1663,548,1663,548,534,548,534,548,534,548,534,548,534,548,534,548,1663,548,534,548,534,548,1663,548,534,548,534,548,534,548,1663,548,534,548,1663,548,1663,548,534,548,1663,548,1663,548,1663,550"
key_channeldown="4553,4500,548,1663,548,1663,548,1663,548,534,548,534,548,534,548,534,548,534,548,1663,548,1663,548,1663,548,534,548,534,548,534,548,534,548,534,548,534,548,534,548,534,548,534,548,1663,548,534,548,534,548,534,548,1663,548,1663,548,1663,548,1663,548,534,548,1663,548,1663,548,1663,550"
content="4553,4500,548,1663,548,1663,548,1663,548,534,548,534,548,534,548,534,548,534,548,1663,548,1663,548,1663,548,534,548,534,548,534,548,534,548,534,548,1663,548,534,548,534,548,1663,548,1663,548,1663,548,1663,548,534,548,534,548,1663,548,1663,548,534,548,534,548,534,548,534,548,1663,550"
key_menu="4553,4500,548,1663,548,1663,548,1663,548,534,548,534,548,534,548,534,548,534,548,1663,548,1663,548,1663,548,534,548,534,548,534,548,534,548,534,548,534,548,1663,548,534,548,1663,548,1663,548,534,548,534,548,534,548,1663,548,534,548,1663,548,534,548,534,548,1663,548,1663,548,1663,550"
hdmi="4553,4500,548,1663,548,1663,548,1663,548,534,548,534,548,534,548,534,548,534,548,1663,548,1663,548,1663,548,534,548,534,548,534,548,534,548,534,548,1663,548,1663,548,534,548,1663,548,534,548,534,548,534,548,1663,548,534,548,534,548,1663,548,534,548,1663,548,1663,548,1663,548,534,550"
tools="4553,4500,548,1663,548,1663,548,1663,548,534,548,534,548,534,548,534,548,534,548,1663,548,1663,548,1663,548,534,548,534,548,534,548,534,548,534,548,1663,548,1663,548,534,548,1663,548,534,548,534,548,1663,548,534,548,534,548,534,548,1663,548,534,548,1663,548,1663,548,534,548,1663,550"
key_info="4553,4500,548,1663,548,1663,548,1663,548,534,548,534,548,534,548,534,548,534,548,1663,548,1663,548,1663,548,534,548,534,548,534,548,534,548,534,548,1663,548,1663,548,1663,548,1663,548,1663,548,534,548,534,548,534,548,534,548,534,548,534,548,534,548,534,548,1663,548,1663,548,1663,550"
key_up="4553,4500,548,1663,548,1663,548,1663,548,534,548,534,548,534,548,534,548,534,548,1663,548,1663,548,1663,548,534,548,534,548,534,548,534,548,534,548,534,548,534,548,534,548,534,548,534,548,1663,548,1663,548,534,548,1663,548,1663,548,1663,548,1663,548,1663,548,534,548,534,548,1663,550"
key_down="4553,4500,548,1663,548,1663,548,1663,548,534,548,534,548,534,548,534,548,534,548,1663,548,1663,548,1663,548,534,548,534,548,534,548,534,548,534,548,1663,548,534,548,534,548,534,548,534,548,1663,548,1663,548,534,548,534,548,1663,548,1663,548,1663,548,1663,548,534,548,534,548,1663,550"
key_left="4553,4500,548,1663,548,1663,548,1663,548,534,548,534,548,534,548,534,548,534,548,1663,548,1663,548,1663,548,534,548,534,548,534,548,534,548,534,548,1663,548,534,548,1663,548,534,548,534,548,1663,548,1663,548,534,548,534,548,1663,548,534,548,1663,548,1663,548,534,548,534,548,1663,550"
key_right="4553,4500,548,1663,548,1663,548,1663,548,534,548,534,548,534,548,534,548,534,548,1663,548,1663,548,1663,548,534,548,534,548,534,548,534,548,534,548,534,548,1663,548,534,548,534,548,534,548,1663,548,1663,548,534,548,1663,548,534,548,1663,548,1663,548,1663,548,534,548,534,548,1663,550"
key_select="4553,4500,548,1663,548,1663,548,1663,548,534,548,534,548,534,548,534,548,534,548,1663,548,1663,548,1663,548,534,548,534,548,534,548,534,548,534,548,534,548,534,548,534,548,1663,548,534,548,1663,548,1663,548,534,548,1663,548,1663,548,1663,548,534,548,1663,548,534,548,534,548,1663,550"
key_enter="4553,4500,548,1663,548,1663,548,1663,548,534,548,534,548,534,548,534,548,534,548,1663,548,1663,548,1663,548,534,548,534,548,534,548,534,548,534,548,534,548,534,548,534,548,1663,548,1663,548,534,548,1663,548,534,548,1663,548,1663,548,1663,548,534,548,534,548,1663,548,534,548,1663,550"
key_exit="4553,4500,548,1663,548,1663,548,1663,548,534,548,534,548,534,548,534,548,534,548,1663,548,1663,548,1663,548,534,548,534,548,534,548,534,548,534,548,1663,548,534,548,1663,548,1663,548,534,548,1663,548,534,548,534,548,534,548,1663,548,534,548,534,548,1663,548,534,548,1663,548,1663,550"
key_channeldown="4553,4500,548,1663,548,1663,548,1663,548,534,548,534,548,534,548,534,548,534,548,1663,548,1663,548,1663,548,534,548,534,548,534,548,534,548,534,548,534,548,534,548,1663,548,1663,548,534,548,1663,548,1663,548,534,548,1663,548,1663,548,534,548,534,548,1663,548,534,548,534,548,1663,550"
porgb_pip="4553,4500,548,1663,548,1663,548,1663,548,534,548,534,548,534,548,534,548,534,548,1663,548,1663,548,1663,548,534,548,534,548,534,548,534,548,534,548,534,548,534,548,1663,548,534,548,1663,548,534,548,534,548,534,548,1663,548,1663,548,534,548,1663,548,534,548,1663,548,1663,548,1663,550"
progc_standby="4553,4500,548,1663,548,1663,548,1663,548,534,548,534,548,534,548,534,548,534,548,1663,548,1663,548,1663,548,534,548,534,548,534,548,534,548,534,548,1663,548,534,548,1663,548,534,548,1663,548,534,548,534,548,534,548,534,548,1663,548,534,548,1663,548,534,548,1663,548,1663,548,1663,550"
progd_apps="4553,4500,548,1663,548,1663,548,1663,548,534,548,534,548,534,548,534,548,534,548,1663,548,1663,548,1663,548,534,548,534,548,534,548,534,548,534,548,534,548,1663,548,1663,548,534,548,1663,548,534,548,534,548,534,548,1663,548,534,548,534,548,1663,548,534,548,1663,548,1663,548,1663,550"
e-manual="4553,4500,548,1663,548,1663,548,1663,548,534,548,534,548,534,548,534,548,534,548,1663,548,1663,548,1663,548,534,548,534,548,534,548,534,548,534,548,1663,548,1663,548,1663,548,1663,548,1663,548,1663,548,534,548,534,548,534,548,534,548,534,548,534,548,534,548,534,548,1663,548,1663,550"
s_mode="4553,4500,548,1663,548,1663,548,1663,548,534,548,534,548,534,548,534,548,534,548,1663,548,1663,548,1663,548,534,548,534,548,534,548,534,548,534,548,1663,548,1663,548,534,548,1663,548,534,548,1663,548,534,548,534,548,534,548,534,548,1663,548,534,548,1663,548,534,548,1663,548,1663,550"
p_mode="4553,4500,548,1663,548,1663,548,1663,548,534,548,534,548,534,548,534,548,534,548,1663,548,1663,548,1663,548,534,548,534,548,534,548,534,548,534,548,534,548,534,548,534,548,1663,548,534,548,1663,548,534,548,534,548,1663,548,1663,548,1663,548,534,548,1663,548,534,548,1663,548,1663,550"
p_size="4553,4500,548,1663,548,1663,548,1663,548,534,548,534,548,534,548,534,548,534,548,1663,548,1663,548,1663,548,534,548,534,548,534,548,534,548,534,548,534,548,1663,548,1663,548,1663,548,1663,548,1663,548,534,548,534,548,1663,548,534,548,534,548,534,548,534,548,534,548,1663,548,1663,550"
key_sleep="4553,4500,548,1663,548,1663,548,1663,548,534,548,534,548,534,548,534,548,534,548,1663,548,1663,548,1663,548,534,548,534,548,534,548,534,548,534,548,1663,548,1663,548,534,548,534,548,534,548,534,548,534,548,534,548,534,548,534,548,1663,548,1663,548,1663,548,1663,548,1663,548,1663,550"
srs="4553,4500,548,1663,548,1663,548,1663,548,534,548,534,548,534,548,534,548,534,548,1663,548,1663,548,1663,548,534,548,534,548,534,548,534,548,534,548,534,548,1663,548,1663,548,1663,548,534,548,1663,548,1663,548,534,548,1663,548,534,548,534,548,534,548,1663,548,534,548,534,548,1663,550"
key_rewind="4553,4500,548,1663,548,1663,548,1663,548,534,548,534,548,534,548,534,548,534,548,1663,548,1663,548,1663,548,534,548,534,548,534,548,534,548,534,548,1663,548,534,548,1663,548,534,548,534,548,534,548,1663,548,534,548,534,548,1663,548,534,548,1663,548,1663,548,1663,548,534,548,1663,550"
key_pause="4553,4500,548,1663,548,1663,548,1663,548,534,548,534,548,534,548,534,548,534,548,1663,548,1663,548,1663,548,534,548,534,548,534,548,534,548,534,548,534,548,1663,548,534,548,1663,548,534,548,534,548,1663,548,534,548,1663,548,534,548,1663,548,534,548,1663,548,1663,548,534,548,1663,550"
key_forward="4553,4500,548,1663,548,1663,548,1663,548,534,548,534,548,534,548,534,548,534,548,1663,548,1663,548,1663,548,534,548,534,548,534,548,534,548,534,548,534,548,534,548,534,548,1663,548,534,548,534,548,1663,548,534,548,1663,548,1663,548,1663,548,534,548,1663,548,1663,548,534,548,1663,550"
key_play="4553,4500,548,1663,548,1663,548,1663,548,534,548,534,548,534,548,534,548,534,548,1663,548,1663,548,1663,548,534,548,534,548,534,548,534,548,534,548,1663,548,1663,548,1663,548,534,548,534,548,534,548,1663,548,534,548,534,548,534,548,534,548,1663,548,1663,548,1663,548,534,548,1663,550"
key_stop="4553,4500,548,1663,548,1663,548,1663,548,534,548,534,548,534,548,534,548,534,548,1663,548,1663,548,1663,548,534,548,534,548,534,548,534,548,534,548,534,548,1663,548,1663,548,534,548,534,548,534,548,1663,548,534,548,1663,548,534,548,534,548,1663,548,1663,548,1663,548,534,548,1663,550"
key_record="4553,4500,548,1663,548,1663,548,1663,548,534,548,534,548,534,548,534,548,534,548,1663,548,1663,548,1663,548,534,548,534,548,534,548,534,548,534,548,1663,548,534,548,534,548,1663,548,534,548,534,548,1663,548,534,548,534,548,1663,548,1663,548,534,548,1663,548,1663,548,534,548,1663,550"
ttxmix="4553,4500,548,1663,548,1663,548,1663,548,534,548,534,548,534,548,534,548,534,548,1663,548,1663,548,1663,548,534,548,534,548,534,548,534,548,534,548,534,548,534,548,1663,548,1663,548,534,548,1663,548,534,548,534,548,1663,548,1663,548,534,548,534,548,1663,548,534,548,1663,548,1663,550"
key_vendor="4553,4500,548,1663,548,1663,548,1663,548,534,548,534,548,534,548,534,548,534,548,1663,548,1663,548,1663,548,534,548,534,548,534,548,534,548,534,548,1663,548,1663,548,534,548,1663,548,1663,548,1663,548,534,548,534,548,534,548,534,548,1663,548,534,548,534,548,534,548,1663,548,1663,550"
